{
 "cells": [
  {
   "attachments": {},
   "cell_type": "markdown",
   "metadata": {},
   "source": [
    "Import Library"
   ]
  },
  {
   "cell_type": "code",
   "execution_count": 35,
   "metadata": {},
   "outputs": [],
   "source": [
    "import os\n",
    "import cv2\n",
    "import numpy as np\n",
    "from tabulate import tabulate\n",
    "from sklearn import preprocessing\n",
    "from skimage.feature import graycomatrix, graycoprops"
   ]
  },
  {
   "attachments": {},
   "cell_type": "markdown",
   "metadata": {},
   "source": [
    "Directory"
   ]
  },
  {
   "cell_type": "code",
   "execution_count": 36,
   "metadata": {},
   "outputs": [],
   "source": [
    "image_directory_training=\"../Dataset/preprocessed_roi_augmentation/2_label/dataset_training\"\n",
    "image_directory_testing=\"../Dataset/preprocessed_roi_augmentation/2_label/DataSet_Testing\""
   ]
  },
  {
   "attachments": {},
   "cell_type": "markdown",
   "metadata": {},
   "source": [
    "Ekstraksi Fitur HSV"
   ]
  },
  {
   "cell_type": "code",
   "execution_count": 37,
   "metadata": {},
   "outputs": [],
   "source": [
    "def ef_hsv_training(image_directory_training):\n",
    "\n",
    "   # membuat list untuk menyimpan hasil ekstraksi fitur\n",
    "  features_training = []\n",
    "\n",
    "  # melakukan ekstraksi fitur pada setiap folder\n",
    "  for a, (root, dirs, files) in enumerate(os.walk(image_directory_training), start=0):\n",
    "\n",
    "    # mengambil semua file gambar di dalam folder\n",
    "    image_files = [f for f in files if f.endswith('.jpg')]\n",
    "\n",
    "    # melakukan ekstraksi fitur pada setiap gambar\n",
    "    for image_file in image_files:\n",
    "      # membaca gambar\n",
    "      image = cv2.imread(os.path.join(root, image_file))\n",
    "\n",
    "      # mengubah gambar ke dalam format HSV\n",
    "      hsv = cv2.cvtColor(image, cv2.COLOR_BGR2HSV)\n",
    "\n",
    "      # mengambil nilai hue (H) dari gambar\n",
    "      hue = hsv[:, :, 0]\n",
    "\n",
    "      # mengambil nilai saturation (S) dari gambar\n",
    "      saturation = hsv[:, :, 1]\n",
    "\n",
    "      # mengambil nilai value (V) dari gambar\n",
    "      value = hsv[:, :, 2]\n",
    "\n",
    "      # menambahkan nilai HSV ke dalam list\n",
    "      features_training.append(\n",
    "          [np.mean(hue), np.mean(saturation), np.mean(value), a])\n",
    "\n",
    "  return features_training\n",
    "\n",
    "\n",
    "def ef_hsv_testing(image_directory_testing):\n",
    "\n",
    "   # membuat list untuk menyimpan hasil ekstraksi fitur\n",
    "  features_testing = []\n",
    "\n",
    "  # melakukan ekstraksi fitur pada setiap folder\n",
    "  for a, (root, dirs, files) in enumerate(os.walk(image_directory_testing), start=0):\n",
    "\n",
    "    # mengambil semua file gambar di dalam folder\n",
    "    image_files = [f for f in files if f.endswith('.jpg')]\n",
    "\n",
    "    # melakukan ekstraksi fitur pada setiap gambar\n",
    "    for image_file in image_files:\n",
    "      # membaca gambar\n",
    "      image = cv2.imread(os.path.join(root, image_file))\n",
    "\n",
    "      # mengubah gambar ke dalam format HSV\n",
    "      hsv = cv2.cvtColor(image, cv2.COLOR_BGR2HSV)\n",
    "\n",
    "      # mengambil nilai hue (H) dari gambar\n",
    "      hue = hsv[:, :, 0]\n",
    "\n",
    "      # mengambil nilai saturation (S) dari gambar\n",
    "      saturation = hsv[:, :, 1]\n",
    "\n",
    "      # mengambil nilai value (V) dari gambar\n",
    "      value = hsv[:, :, 2]\n",
    "\n",
    "      # menambahkan nilai HSV ke dalam list\n",
    "      features_testing.append(\n",
    "          [np.mean(hue), np.mean(saturation), np.mean(value), a])\n",
    "\n",
    "  return features_testing"
   ]
  },
  {
   "attachments": {},
   "cell_type": "markdown",
   "metadata": {},
   "source": [
    "Inisialisasi Data Training"
   ]
  },
  {
   "cell_type": "code",
   "execution_count": 38,
   "metadata": {},
   "outputs": [],
   "source": [
    "#NORMALISASI DATA\n",
    "extraction_feature = ef_hsv_training(image_directory_training)\n",
    "data = [data[:-1] for data in extraction_feature]\n",
    "label = [data[-1] for data in extraction_feature]\n",
    "\n",
    "normalization_data = preprocessing.normalize(data, norm=\"l1\")\n",
    "\n",
    "# Menggabungkan data dan label\n",
    "train_data = []\n",
    "for data, label in zip(normalization_data, label):\n",
    "    # Mengambil nilai fitur berdasarkan indeks\n",
    "    feature_values = [data[i] for i in range(len(data))]\n",
    "    result_row = feature_values + [label]\n",
    "    train_data.append(result_row)"
   ]
  },
  {
   "cell_type": "code",
   "execution_count": 39,
   "metadata": {},
   "outputs": [],
   "source": [
    "# train_data = ef_hsv_training(image_directory_training)"
   ]
  },
  {
   "cell_type": "code",
   "execution_count": 40,
   "metadata": {},
   "outputs": [
    {
     "name": "stdout",
     "output_type": "stream",
     "text": [
      "+-----------+------------------+-------------+---------+\n",
      "|   Hue (H) |   Saturation (S) |   Value (V) |   Label |\n",
      "+===========+==================+=============+=========+\n",
      "| 0.0906909 |         0.446339 |    0.46297  |       1 |\n",
      "+-----------+------------------+-------------+---------+\n",
      "| 0.0832718 |         0.369244 |    0.547485 |       1 |\n",
      "+-----------+------------------+-------------+---------+\n",
      "| 0.0985927 |         0.440135 |    0.461272 |       1 |\n",
      "+-----------+------------------+-------------+---------+\n",
      "| 0.0985734 |         0.440123 |    0.461304 |       1 |\n",
      "+-----------+------------------+-------------+---------+\n",
      "| 0.0953442 |         0.424649 |    0.480007 |       1 |\n",
      "+-----------+------------------+-------------+---------+\n",
      "| 0.0876959 |         0.38365  |    0.528654 |       1 |\n",
      "+-----------+------------------+-------------+---------+\n",
      "| 0.0952322 |         0.424664 |    0.480104 |       1 |\n",
      "+-----------+------------------+-------------+---------+\n",
      "| 0.0965386 |         0.445492 |    0.45797  |       1 |\n",
      "+-----------+------------------+-------------+---------+\n",
      "| 0.0946303 |         0.464335 |    0.441035 |       1 |\n",
      "+-----------+------------------+-------------+---------+\n",
      "| 0.0943428 |         0.436768 |    0.468889 |       1 |\n",
      "+-----------+------------------+-------------+---------+\n",
      "| 0.0944173 |         0.436698 |    0.468884 |       1 |\n",
      "+-----------+------------------+-------------+---------+\n",
      "| 0.094274  |         0.436809 |    0.468917 |       1 |\n",
      "+-----------+------------------+-------------+---------+\n",
      "| 0.0833638 |         0.369204 |    0.547433 |       1 |\n",
      "+-----------+------------------+-------------+---------+\n",
      "| 0.0942577 |         0.436777 |    0.468965 |       1 |\n",
      "+-----------+------------------+-------------+---------+\n",
      "| 0.09652   |         0.445356 |    0.458124 |       1 |\n",
      "+-----------+------------------+-------------+---------+\n",
      "| 0.0955867 |         0.430198 |    0.474215 |       1 |\n",
      "+-----------+------------------+-------------+---------+\n",
      "| 0.0965288 |         0.445247 |    0.458224 |       1 |\n",
      "+-----------+------------------+-------------+---------+\n",
      "| 0.0902528 |         0.435344 |    0.474403 |       1 |\n",
      "+-----------+------------------+-------------+---------+\n",
      "| 0.0920497 |         0.445066 |    0.462885 |       1 |\n",
      "+-----------+------------------+-------------+---------+\n",
      "| 0.0920857 |         0.445051 |    0.462863 |       1 |\n",
      "+-----------+------------------+-------------+---------+\n",
      "| 0.0908023 |         0.446156 |    0.463042 |       1 |\n",
      "+-----------+------------------+-------------+---------+\n",
      "| 0.0922294 |         0.444972 |    0.462799 |       1 |\n",
      "+-----------+------------------+-------------+---------+\n",
      "| 0.0922505 |         0.444969 |    0.462781 |       1 |\n",
      "+-----------+------------------+-------------+---------+\n",
      "| 0.0833332 |         0.369222 |    0.547445 |       1 |\n",
      "+-----------+------------------+-------------+---------+\n",
      "| 0.0902929 |         0.435171 |    0.474536 |       1 |\n",
      "+-----------+------------------+-------------+---------+\n",
      "| 0.0836152 |         0.397655 |    0.518729 |       1 |\n",
      "+-----------+------------------+-------------+---------+\n",
      "| 0.0902277 |         0.435172 |    0.474601 |       1 |\n",
      "+-----------+------------------+-------------+---------+\n",
      "| 0.0950952 |         0.440719 |    0.464186 |       1 |\n",
      "+-----------+------------------+-------------+---------+\n",
      "| 0.0941552 |         0.436316 |    0.469528 |       1 |\n",
      "+-----------+------------------+-------------+---------+\n",
      "| 0.094145  |         0.436325 |    0.46953  |       1 |\n",
      "+-----------+------------------+-------------+---------+\n",
      "| 0.0940691 |         0.436358 |    0.469573 |       1 |\n",
      "+-----------+------------------+-------------+---------+\n",
      "| 0.0940326 |         0.436387 |    0.46958  |       1 |\n",
      "+-----------+------------------+-------------+---------+\n",
      "| 0.0907567 |         0.446086 |    0.463157 |       1 |\n",
      "+-----------+------------------+-------------+---------+\n",
      "| 0.0952598 |         0.440399 |    0.464341 |       1 |\n",
      "+-----------+------------------+-------------+---------+\n",
      "| 0.0925994 |         0.452663 |    0.454738 |       1 |\n",
      "+-----------+------------------+-------------+---------+\n",
      "| 0.0876824 |         0.397291 |    0.515027 |       1 |\n",
      "+-----------+------------------+-------------+---------+\n",
      "| 0.0950706 |         0.439898 |    0.465031 |       1 |\n",
      "+-----------+------------------+-------------+---------+\n",
      "| 0.0858241 |         0.416416 |    0.49776  |       1 |\n",
      "+-----------+------------------+-------------+---------+\n",
      "| 0.0941635 |         0.457935 |    0.447902 |       1 |\n",
      "+-----------+------------------+-------------+---------+\n",
      "| 0.0942467 |         0.457889 |    0.447864 |       1 |\n",
      "+-----------+------------------+-------------+---------+\n",
      "| 0.0941899 |         0.457918 |    0.447892 |       1 |\n",
      "+-----------+------------------+-------------+---------+\n",
      "| 0.0941957 |         0.457907 |    0.447897 |       1 |\n",
      "+-----------+------------------+-------------+---------+\n",
      "| 0.0858004 |         0.416315 |    0.497885 |       1 |\n",
      "+-----------+------------------+-------------+---------+\n",
      "| 0.0847006 |         0.402075 |    0.513225 |       1 |\n",
      "+-----------+------------------+-------------+---------+\n",
      "| 0.0906771 |         0.446189 |    0.463134 |       1 |\n",
      "+-----------+------------------+-------------+---------+\n",
      "| 0.0857859 |         0.380053 |    0.534161 |       1 |\n",
      "+-----------+------------------+-------------+---------+\n",
      "| 0.0858333 |         0.416104 |    0.498063 |       1 |\n",
      "+-----------+------------------+-------------+---------+\n",
      "| 0.0811798 |         0.44251  |    0.476311 |       1 |\n",
      "+-----------+------------------+-------------+---------+\n",
      "| 0.0854476 |         0.464833 |    0.449719 |       1 |\n",
      "+-----------+------------------+-------------+---------+\n",
      "| 0.0854229 |         0.464833 |    0.449744 |       1 |\n",
      "+-----------+------------------+-------------+---------+\n",
      "| 0.085488  |         0.464814 |    0.449698 |       1 |\n",
      "+-----------+------------------+-------------+---------+\n",
      "| 0.0854787 |         0.464813 |    0.449709 |       1 |\n",
      "+-----------+------------------+-------------+---------+\n",
      "| 0.08128   |         0.442358 |    0.476362 |       1 |\n",
      "+-----------+------------------+-------------+---------+\n",
      "| 0.081274  |         0.442255 |    0.476471 |       1 |\n",
      "+-----------+------------------+-------------+---------+\n",
      "| 0.0811991 |         0.442327 |    0.476474 |       1 |\n",
      "+-----------+------------------+-------------+---------+\n",
      "| 0.085606  |         0.364057 |    0.550337 |       1 |\n",
      "+-----------+------------------+-------------+---------+\n",
      "| 0.0843229 |         0.374484 |    0.541193 |       1 |\n",
      "+-----------+------------------+-------------+---------+\n",
      "| 0.0898842 |         0.43979  |    0.470325 |       1 |\n",
      "+-----------+------------------+-------------+---------+\n",
      "| 0.0809518 |         0.342679 |    0.576369 |       1 |\n",
      "+-----------+------------------+-------------+---------+\n",
      "| 0.0809428 |         0.342682 |    0.576375 |       1 |\n",
      "+-----------+------------------+-------------+---------+\n",
      "| 0.0809507 |         0.342679 |    0.57637  |       1 |\n",
      "+-----------+------------------+-------------+---------+\n",
      "| 0.0808994 |         0.34269  |    0.576411 |       1 |\n",
      "+-----------+------------------+-------------+---------+\n",
      "| 0.0853592 |         0.364151 |    0.55049  |       1 |\n",
      "+-----------+------------------+-------------+---------+\n",
      "| 0.0842115 |         0.353652 |    0.562136 |       1 |\n",
      "+-----------+------------------+-------------+---------+\n",
      "| 0.0857748 |         0.364381 |    0.549844 |       1 |\n",
      "+-----------+------------------+-------------+---------+\n",
      "| 0.0905124 |         0.441541 |    0.467947 |       1 |\n",
      "+-----------+------------------+-------------+---------+\n",
      "| 0.0934681 |         0.45684  |    0.449692 |       1 |\n",
      "+-----------+------------------+-------------+---------+\n",
      "| 0.0855056 |         0.380179 |    0.534315 |       1 |\n",
      "+-----------+------------------+-------------+---------+\n",
      "| 0.0934799 |         0.456831 |    0.449689 |       1 |\n",
      "+-----------+------------------+-------------+---------+\n",
      "| 0.0853967 |         0.424371 |    0.490232 |       1 |\n",
      "+-----------+------------------+-------------+---------+\n",
      "| 0.0892208 |         0.443835 |    0.466945 |       1 |\n",
      "+-----------+------------------+-------------+---------+\n",
      "| 0.0893446 |         0.443775 |    0.466881 |       1 |\n",
      "+-----------+------------------+-------------+---------+\n",
      "| 0.0927349 |         0.452602 |    0.454663 |       1 |\n",
      "+-----------+------------------+-------------+---------+\n",
      "| 0.0892446 |         0.44382  |    0.466936 |       1 |\n",
      "+-----------+------------------+-------------+---------+\n",
      "| 0.0891542 |         0.443861 |    0.466984 |       1 |\n",
      "+-----------+------------------+-------------+---------+\n",
      "| 0.0855487 |         0.424228 |    0.490223 |       1 |\n",
      "+-----------+------------------+-------------+---------+\n",
      "| 0.0833393 |         0.406635 |    0.510026 |       1 |\n",
      "+-----------+------------------+-------------+---------+\n",
      "| 0.092615  |         0.452656 |    0.454729 |       1 |\n",
      "+-----------+------------------+-------------+---------+\n",
      "| 0.0853878 |         0.42422  |    0.490392 |       1 |\n",
      "+-----------+------------------+-------------+---------+\n",
      "| 0.0817974 |         0.407136 |    0.511067 |       1 |\n",
      "+-----------+------------------+-------------+---------+\n",
      "| 0.0764457 |         0.379935 |    0.543619 |       1 |\n",
      "+-----------+------------------+-------------+---------+\n",
      "| 0.0763362 |         0.379965 |    0.543699 |       1 |\n",
      "+-----------+------------------+-------------+---------+\n",
      "| 0.0760836 |         0.380087 |    0.54383  |       1 |\n",
      "+-----------+------------------+-------------+---------+\n",
      "| 0.0934508 |         0.456859 |    0.44969  |       1 |\n",
      "+-----------+------------------+-------------+---------+\n",
      "| 0.0764755 |         0.379913 |    0.543611 |       1 |\n",
      "+-----------+------------------+-------------+---------+\n",
      "| 0.0818828 |         0.406947 |    0.51117  |       1 |\n",
      "+-----------+------------------+-------------+---------+\n",
      "| 0.081655  |         0.406967 |    0.511378 |       1 |\n",
      "+-----------+------------------+-------------+---------+\n",
      "| 0.0813994 |         0.407094 |    0.511507 |       1 |\n",
      "+-----------+------------------+-------------+---------+\n",
      "| 0.0849063 |         0.411686 |    0.503408 |       1 |\n",
      "+-----------+------------------+-------------+---------+\n",
      "| 0.0926431 |         0.452646 |    0.454711 |       1 |\n",
      "+-----------+------------------+-------------+---------+\n",
      "| 0.0789513 |         0.379824 |    0.541225 |       1 |\n",
      "+-----------+------------------+-------------+---------+\n",
      "| 0.0787243 |         0.379917 |    0.541359 |       1 |\n",
      "+-----------+------------------+-------------+---------+\n",
      "| 0.0788502 |         0.379862 |    0.541288 |       1 |\n",
      "+-----------+------------------+-------------+---------+\n",
      "| 0.0787449 |         0.379898 |    0.541357 |       1 |\n",
      "+-----------+------------------+-------------+---------+\n",
      "| 0.093369  |         0.456897 |    0.449734 |       1 |\n",
      "+-----------+------------------+-------------+---------+\n",
      "| 0.0846574 |         0.411711 |    0.503631 |       1 |\n",
      "+-----------+------------------+-------------+---------+\n",
      "| 0.0820923 |         0.400783 |    0.517124 |       1 |\n",
      "+-----------+------------------+-------------+---------+\n",
      "| 0.0847249 |         0.41164  |    0.503635 |       1 |\n",
      "+-----------+------------------+-------------+---------+\n",
      "| 0.0952364 |         0.393758 |    0.511006 |       1 |\n",
      "+-----------+------------------+-------------+---------+\n",
      "| 0.0902163 |         0.370676 |    0.539107 |       1 |\n",
      "+-----------+------------------+-------------+---------+\n",
      "| 0.0900286 |         0.370721 |    0.53925  |       1 |\n",
      "+-----------+------------------+-------------+---------+\n",
      "| 0.0900585 |         0.439586 |    0.470356 |       1 |\n",
      "+-----------+------------------+-------------+---------+\n",
      "| 0.0900573 |         0.370729 |    0.539213 |       1 |\n",
      "+-----------+------------------+-------------+---------+\n",
      "| 0.0902366 |         0.370642 |    0.539122 |       1 |\n",
      "+-----------+------------------+-------------+---------+\n",
      "| 0.0950748 |         0.393746 |    0.51118  |       1 |\n",
      "+-----------+------------------+-------------+---------+\n",
      "| 0.0903675 |         0.441544 |    0.468088 |       1 |\n",
      "+-----------+------------------+-------------+---------+\n",
      "| 0.0916341 |         0.373875 |    0.53449  |       1 |\n",
      "+-----------+------------------+-------------+---------+\n",
      "| 0.0951503 |         0.393671 |    0.511179 |       1 |\n",
      "+-----------+------------------+-------------+---------+\n",
      "| 0.0758591 |         0.427696 |    0.496445 |       1 |\n",
      "+-----------+------------------+-------------+---------+\n",
      "| 0.0768684 |         0.432363 |    0.490769 |       1 |\n",
      "+-----------+------------------+-------------+---------+\n",
      "| 0.0768453 |         0.432368 |    0.490787 |       1 |\n",
      "+-----------+------------------+-------------+---------+\n",
      "| 0.0768684 |         0.432357 |    0.490774 |       1 |\n",
      "+-----------+------------------+-------------+---------+\n",
      "| 0.0768158 |         0.432384 |    0.490801 |       1 |\n",
      "+-----------+------------------+-------------+---------+\n",
      "| 0.0883358 |         0.424118 |    0.487546 |       1 |\n",
      "+-----------+------------------+-------------+---------+\n",
      "| 0.0758992 |         0.427583 |    0.496518 |       1 |\n",
      "+-----------+------------------+-------------+---------+\n",
      "| 0.0742033 |         0.412845 |    0.512951 |       1 |\n",
      "+-----------+------------------+-------------+---------+\n",
      "| 0.0838393 |         0.407412 |    0.508748 |       1 |\n",
      "+-----------+------------------+-------------+---------+\n",
      "| 0.0760001 |         0.427881 |    0.496119 |       1 |\n",
      "+-----------+------------------+-------------+---------+\n",
      "| 0.100466  |         0.458754 |    0.44078  |       1 |\n",
      "+-----------+------------------+-------------+---------+\n",
      "| 0.10217   |         0.469057 |    0.428774 |       1 |\n",
      "+-----------+------------------+-------------+---------+\n",
      "| 0.102304  |         0.468969 |    0.428727 |       1 |\n",
      "+-----------+------------------+-------------+---------+\n",
      "| 0.102123  |         0.469074 |    0.428803 |       1 |\n",
      "+-----------+------------------+-------------+---------+\n",
      "| 0.102169  |         0.469038 |    0.428793 |       1 |\n",
      "+-----------+------------------+-------------+---------+\n",
      "| 0.100346  |         0.458086 |    0.441568 |       1 |\n",
      "+-----------+------------------+-------------+---------+\n",
      "| 0.0889925 |         0.39763  |    0.513377 |       1 |\n",
      "+-----------+------------------+-------------+---------+\n",
      "| 0.0901329 |         0.439412 |    0.470455 |       1 |\n",
      "+-----------+------------------+-------------+---------+\n",
      "| 0.100433  |         0.458531 |    0.441036 |       1 |\n",
      "+-----------+------------------+-------------+---------+\n",
      "| 0.0905249 |         0.441795 |    0.46768  |       1 |\n",
      "+-----------+------------------+-------------+---------+\n",
      "| 0.102846  |         0.483459 |    0.413695 |       1 |\n",
      "+-----------+------------------+-------------+---------+\n",
      "| 0.0950923 |         0.446273 |    0.458634 |       1 |\n",
      "+-----------+------------------+-------------+---------+\n",
      "| 0.0949416 |         0.446332 |    0.458727 |       1 |\n",
      "+-----------+------------------+-------------+---------+\n",
      "| 0.0948045 |         0.464234 |    0.440961 |       1 |\n",
      "+-----------+------------------+-------------+---------+\n",
      "| 0.0950116 |         0.446331 |    0.458658 |       1 |\n",
      "+-----------+------------------+-------------+---------+\n",
      "| 0.0950294 |         0.446305 |    0.458666 |       1 |\n",
      "+-----------+------------------+-------------+---------+\n",
      "| 0.10293   |         0.483246 |    0.413824 |       1 |\n",
      "+-----------+------------------+-------------+---------+\n",
      "| 0.0990306 |         0.457956 |    0.443014 |       1 |\n",
      "+-----------+------------------+-------------+---------+\n",
      "| 0.102922  |         0.483001 |    0.414076 |       1 |\n",
      "+-----------+------------------+-------------+---------+\n",
      "| 0.0976382 |         0.471229 |    0.431132 |       1 |\n",
      "+-----------+------------------+-------------+---------+\n",
      "| 0.0856923 |         0.380168 |    0.53414  |       1 |\n",
      "+-----------+------------------+-------------+---------+\n",
      "| 0.0919284 |         0.443074 |    0.464998 |       1 |\n",
      "+-----------+------------------+-------------+---------+\n",
      "| 0.0919803 |         0.443044 |    0.464976 |       1 |\n",
      "+-----------+------------------+-------------+---------+\n",
      "| 0.0920983 |         0.442984 |    0.464918 |       1 |\n",
      "+-----------+------------------+-------------+---------+\n",
      "| 0.0921537 |         0.442944 |    0.464903 |       1 |\n",
      "+-----------+------------------+-------------+---------+\n",
      "| 0.0946347 |         0.464316 |    0.441049 |       1 |\n",
      "+-----------+------------------+-------------+---------+\n",
      "| 0.097635  |         0.471123 |    0.431242 |       1 |\n",
      "+-----------+------------------+-------------+---------+\n",
      "| 0.0881254 |         0.419474 |    0.492401 |       1 |\n",
      "+-----------+------------------+-------------+---------+\n",
      "| 0.0978936 |         0.470943 |    0.431163 |       1 |\n",
      "+-----------+------------------+-------------+---------+\n",
      "| 0.0981157 |         0.437101 |    0.464783 |       1 |\n",
      "+-----------+------------------+-------------+---------+\n",
      "| 0.0973012 |         0.433207 |    0.469492 |       1 |\n",
      "+-----------+------------------+-------------+---------+\n",
      "| 0.0834821 |         0.369168 |    0.547349 |       1 |\n",
      "+-----------+------------------+-------------+---------+\n",
      "| 0.0972403 |         0.433221 |    0.469539 |       1 |\n",
      "+-----------+------------------+-------------+---------+\n",
      "| 0.0974863 |         0.433126 |    0.469387 |       1 |\n",
      "+-----------+------------------+-------------+---------+\n",
      "| 0.0974018 |         0.433157 |    0.469441 |       1 |\n",
      "+-----------+------------------+-------------+---------+\n",
      "| 0.0982948 |         0.43688  |    0.464825 |       1 |\n",
      "+-----------+------------------+-------------+---------+\n",
      "| 0.092942  |         0.40898  |    0.498078 |       1 |\n",
      "+-----------+------------------+-------------+---------+\n",
      "| 0.0947197 |         0.464286 |    0.440995 |       1 |\n",
      "+-----------+------------------+-------------+---------+\n",
      "| 0.0983967 |         0.436797 |    0.464806 |       1 |\n",
      "+-----------+------------------+-------------+---------+\n",
      "| 0.0953001 |         0.424813 |    0.479887 |       1 |\n",
      "+-----------+------------------+-------------+---------+\n",
      "| 0.0984895 |         0.440169 |    0.461341 |       1 |\n",
      "+-----------+------------------+-------------+---------+\n",
      "| 0.0985013 |         0.440153 |    0.461346 |       1 |\n",
      "+-----------+------------------+-------------+---------+\n",
      "| 0.0820707 |         0.404081 |    0.513848 |       2 |\n",
      "+-----------+------------------+-------------+---------+\n",
      "| 0.108385  |         0.473505 |    0.418109 |       2 |\n",
      "+-----------+------------------+-------------+---------+\n",
      "| 0.101973  |         0.444063 |    0.453965 |       2 |\n",
      "+-----------+------------------+-------------+---------+\n",
      "| 0.110491  |         0.449597 |    0.439912 |       2 |\n",
      "+-----------+------------------+-------------+---------+\n",
      "| 0.101868  |         0.444045 |    0.454087 |       2 |\n",
      "+-----------+------------------+-------------+---------+\n",
      "| 0.100515  |         0.446875 |    0.45261  |       2 |\n",
      "+-----------+------------------+-------------+---------+\n",
      "| 0.100626  |         0.446829 |    0.452545 |       2 |\n",
      "+-----------+------------------+-------------+---------+\n",
      "| 0.115544  |         0.515896 |    0.36856  |       2 |\n",
      "+-----------+------------------+-------------+---------+\n",
      "| 0.101504  |         0.454458 |    0.444038 |       2 |\n",
      "+-----------+------------------+-------------+---------+\n",
      "| 0.0991709 |         0.44372  |    0.457109 |       2 |\n",
      "+-----------+------------------+-------------+---------+\n",
      "| 0.0992205 |         0.443673 |    0.457106 |       2 |\n",
      "+-----------+------------------+-------------+---------+\n",
      "| 0.104658  |         0.374069 |    0.521274 |       2 |\n",
      "+-----------+------------------+-------------+---------+\n",
      "| 0.0990232 |         0.443757 |    0.45722  |       2 |\n",
      "+-----------+------------------+-------------+---------+\n",
      "| 0.101711  |         0.454175 |    0.444114 |       2 |\n",
      "+-----------+------------------+-------------+---------+\n",
      "| 0.112435  |         0.473888 |    0.413677 |       2 |\n",
      "+-----------+------------------+-------------+---------+\n",
      "| 0.113741  |         0.462337 |    0.423922 |       2 |\n",
      "+-----------+------------------+-------------+---------+\n",
      "| 0.112447  |         0.47387  |    0.413683 |       2 |\n",
      "+-----------+------------------+-------------+---------+\n",
      "| 0.098611  |         0.413535 |    0.487854 |       2 |\n",
      "+-----------+------------------+-------------+---------+\n",
      "| 0.0985188 |         0.413477 |    0.488004 |       2 |\n",
      "+-----------+------------------+-------------+---------+\n",
      "| 0.0893723 |         0.382951 |    0.527677 |       2 |\n",
      "+-----------+------------------+-------------+---------+\n",
      "| 0.0893707 |         0.382954 |    0.527676 |       2 |\n",
      "+-----------+------------------+-------------+---------+\n",
      "| 0.101578  |         0.436646 |    0.461776 |       2 |\n",
      "+-----------+------------------+-------------+---------+\n",
      "| 0.100429  |         0.360771 |    0.5388   |       2 |\n",
      "+-----------+------------------+-------------+---------+\n",
      "| 0.101417  |         0.436707 |    0.461876 |       2 |\n",
      "+-----------+------------------+-------------+---------+\n",
      "| 0.110322  |         0.443785 |    0.445893 |       2 |\n",
      "+-----------+------------------+-------------+---------+\n",
      "| 0.103955  |         0.417524 |    0.478522 |       2 |\n",
      "+-----------+------------------+-------------+---------+\n",
      "| 0.103875  |         0.417559 |    0.478566 |       2 |\n",
      "+-----------+------------------+-------------+---------+\n",
      "| 0.113738  |         0.462085 |    0.424177 |       2 |\n",
      "+-----------+------------------+-------------+---------+\n",
      "| 0.112626  |         0.464301 |    0.423073 |       2 |\n",
      "+-----------+------------------+-------------+---------+\n",
      "| 0.112938  |         0.465691 |    0.421371 |       2 |\n",
      "+-----------+------------------+-------------+---------+\n",
      "| 0.0848717 |         0.418575 |    0.496554 |       2 |\n",
      "+-----------+------------------+-------------+---------+\n",
      "| 0.112817  |         0.465756 |    0.421427 |       2 |\n",
      "+-----------+------------------+-------------+---------+\n",
      "| 0.112881  |         0.464202 |    0.422917 |       2 |\n",
      "+-----------+------------------+-------------+---------+\n",
      "| 0.103073  |         0.411014 |    0.485913 |       2 |\n",
      "+-----------+------------------+-------------+---------+\n",
      "| 0.0850639 |         0.418489 |    0.496447 |       2 |\n",
      "+-----------+------------------+-------------+---------+\n",
      "| 0.0997199 |         0.397393 |    0.502887 |       2 |\n",
      "+-----------+------------------+-------------+---------+\n",
      "| 0.0996825 |         0.397387 |    0.502931 |       2 |\n",
      "+-----------+------------------+-------------+---------+\n",
      "| 0.110553  |         0.44956  |    0.439887 |       2 |\n",
      "+-----------+------------------+-------------+---------+\n",
      "| 0.103259  |         0.410807 |    0.485933 |       2 |\n",
      "+-----------+------------------+-------------+---------+\n",
      "| 0.10204   |         0.444188 |    0.453772 |       2 |\n",
      "+-----------+------------------+-------------+---------+\n",
      "| 0.0645624 |         0.306713 |    0.628724 |       2 |\n",
      "+-----------+------------------+-------------+---------+\n",
      "| 0.135198  |         0.25172  |    0.613082 |       2 |\n",
      "+-----------+------------------+-------------+---------+\n",
      "| 0.15348   |         0.287977 |    0.558544 |       2 |\n",
      "+-----------+------------------+-------------+---------+\n",
      "| 0.0760597 |         0.360601 |    0.56334  |       2 |\n",
      "+-----------+------------------+-------------+---------+\n",
      "| 0.153274  |         0.287778 |    0.558948 |       2 |\n",
      "+-----------+------------------+-------------+---------+\n",
      "| 0.0660356 |         0.423429 |    0.510536 |       2 |\n",
      "+-----------+------------------+-------------+---------+\n",
      "| 0.0659539 |         0.423462 |    0.510584 |       2 |\n",
      "+-----------+------------------+-------------+---------+\n",
      "| 0.0719618 |         0.467832 |    0.460206 |       2 |\n",
      "+-----------+------------------+-------------+---------+\n",
      "| 0.0699553 |         0.427261 |    0.502784 |       2 |\n",
      "+-----------+------------------+-------------+---------+\n",
      "| 0.0753367 |         0.462106 |    0.462557 |       2 |\n",
      "+-----------+------------------+-------------+---------+\n",
      "| 0.0752603 |         0.462131 |    0.462609 |       2 |\n",
      "+-----------+------------------+-------------+---------+\n",
      "| 0.0742458 |         0.311012 |    0.614742 |       2 |\n",
      "+-----------+------------------+-------------+---------+\n",
      "| 0.075447  |         0.462037 |    0.462516 |       2 |\n",
      "+-----------+------------------+-------------+---------+\n",
      "| 0.0693825 |         0.427196 |    0.503421 |       2 |\n",
      "+-----------+------------------+-------------+---------+\n",
      "| 0.0800373 |         0.416399 |    0.503564 |       2 |\n",
      "+-----------+------------------+-------------+---------+\n",
      "| 0.0801705 |         0.385061 |    0.534768 |       2 |\n",
      "+-----------+------------------+-------------+---------+\n",
      "| 0.0799684 |         0.416421 |    0.50361  |       2 |\n",
      "+-----------+------------------+-------------+---------+\n",
      "| 0.0781399 |         0.410724 |    0.511136 |       2 |\n",
      "+-----------+------------------+-------------+---------+\n",
      "| 0.0777143 |         0.410843 |    0.511442 |       2 |\n",
      "+-----------+------------------+-------------+---------+\n",
      "| 0.0770806 |         0.431431 |    0.491488 |       2 |\n",
      "+-----------+------------------+-------------+---------+\n",
      "| 0.0770662 |         0.431438 |    0.491496 |       2 |\n",
      "+-----------+------------------+-------------+---------+\n",
      "| 0.0804279 |         0.45143  |    0.468142 |       2 |\n",
      "+-----------+------------------+-------------+---------+\n",
      "| 0.0828978 |         0.349822 |    0.56728  |       2 |\n",
      "+-----------+------------------+-------------+---------+\n",
      "| 0.0797331 |         0.451695 |    0.468572 |       2 |\n",
      "+-----------+------------------+-------------+---------+\n",
      "| 0.0933313 |         0.375231 |    0.531438 |       2 |\n",
      "+-----------+------------------+-------------+---------+\n",
      "| 0.0998983 |         0.39682  |    0.503281 |       2 |\n",
      "+-----------+------------------+-------------+---------+\n",
      "| 0.10019   |         0.396699 |    0.503111 |       2 |\n",
      "+-----------+------------------+-------------+---------+\n",
      "| 0.0797463 |         0.385085 |    0.535168 |       2 |\n",
      "+-----------+------------------+-------------+---------+\n",
      "| 0.0837554 |         0.410533 |    0.505712 |       2 |\n",
      "+-----------+------------------+-------------+---------+\n",
      "| 0.0922378 |         0.450506 |    0.457256 |       2 |\n",
      "+-----------+------------------+-------------+---------+\n",
      "| 0.0667625 |         0.310729 |    0.622508 |       2 |\n",
      "+-----------+------------------+-------------+---------+\n",
      "| 0.09225   |         0.450498 |    0.457251 |       2 |\n",
      "+-----------+------------------+-------------+---------+\n",
      "| 0.083817  |         0.410245 |    0.505938 |       2 |\n",
      "+-----------+------------------+-------------+---------+\n",
      "| 0.0870322 |         0.448614 |    0.464354 |       2 |\n",
      "+-----------+------------------+-------------+---------+\n",
      "| 0.0669498 |         0.310673 |    0.622377 |       2 |\n",
      "+-----------+------------------+-------------+---------+\n",
      "| 0.0877284 |         0.451815 |    0.460456 |       2 |\n",
      "+-----------+------------------+-------------+---------+\n",
      "| 0.0876241 |         0.45187  |    0.460506 |       2 |\n",
      "+-----------+------------------+-------------+---------+\n",
      "| 0.0758888 |         0.360671 |    0.56344  |       2 |\n",
      "+-----------+------------------+-------------+---------+\n",
      "| 0.0868525 |         0.448293 |    0.464855 |       2 |\n",
      "+-----------+------------------+-------------+---------+\n",
      "| 0.154091  |         0.287863 |    0.558047 |       2 |\n",
      "+-----------+------------------+-------------+---------+\n",
      "| 0.0739231 |         0.323988 |    0.602089 |       2 |\n",
      "+-----------+------------------+-------------+---------+\n",
      "| 0.0834935 |         0.393412 |    0.523094 |       2 |\n",
      "+-----------+------------------+-------------+---------+\n",
      "| 0.0797168 |         0.377402 |    0.542881 |       2 |\n",
      "+-----------+------------------+-------------+---------+\n",
      "| 0.0683881 |         0.381559 |    0.550053 |       2 |\n",
      "+-----------+------------------+-------------+---------+\n",
      "| 0.0799829 |         0.377627 |    0.54239  |       2 |\n",
      "+-----------+------------------+-------------+---------+\n",
      "| 0.0720439 |         0.424239 |    0.503717 |       2 |\n",
      "+-----------+------------------+-------------+---------+\n",
      "| 0.071805  |         0.42435  |    0.503845 |       2 |\n",
      "+-----------+------------------+-------------+---------+\n",
      "| 0.0666122 |         0.393764 |    0.539624 |       2 |\n",
      "+-----------+------------------+-------------+---------+\n",
      "| 0.0757734 |         0.414511 |    0.509715 |       2 |\n",
      "+-----------+------------------+-------------+---------+\n",
      "| 0.0739751 |         0.404321 |    0.521704 |       2 |\n",
      "+-----------+------------------+-------------+---------+\n",
      "| 0.074036  |         0.4043   |    0.521664 |       2 |\n",
      "+-----------+------------------+-------------+---------+\n",
      "| 0.0997502 |         0.370702 |    0.529548 |       2 |\n",
      "+-----------+------------------+-------------+---------+\n",
      "| 0.0741304 |         0.404254 |    0.521616 |       2 |\n",
      "+-----------+------------------+-------------+---------+\n",
      "| 0.0691217 |         0.381408 |    0.54947  |       2 |\n",
      "+-----------+------------------+-------------+---------+\n",
      "| 0.10865   |         0.437408 |    0.453942 |       2 |\n",
      "+-----------+------------------+-------------+---------+\n",
